		Wuhan	JN.1	KP.3	KP2.3	BA.2	BSA
A1		53.482	0	0.07	0.112	0	0
A2		62.745	0.333	0.206	0.2	0.216	0.625
A3		40.212	0.016	0.119	0	0	0
B1		24.436	0.413	0.094	0.044	0.028	0.586
B2		46.999	0.422	0.501	0.198	0.138	0.452
B3		20.269	0	0.158	0.068	0.351	1.494
C1		80.651	8.11	2.795	3.612	2.275	9.915
C2		29.615	0.037	0.013	0.11	2.113	0.217
C3		29.105	0.023	0	0	0.036	0.044
D1		0.445	0	0	0	0	0
D2		33.356	0.147	0	0	0.248	0.131
D3		48.939	0.19	0.133	0.246	0.191	0.284
E1		29.965	0.449	0.398	0	0.368	0.108
E2		18.437	0	0	0.112	0.214	0.148
E3		37.537	23.823	33.75	18.039	21.546	16.62
F1		95.356	14.73	6.557	3.199	2.894	7.847
F2		25.194	0.044	0.017	0.148	0.178	0.397
F3		52.36	0.923	0.172	0.338	0.046	0.351
G1		28.747	0.268	0.138	0.113	0.035	0
G2		43.966	0.457	0.296	0.248	0.333	0.402
G3		46.552	0.127	0.361	0.041	0.312	0.13
H1		0.36	0	0	0.164	0.09	0.013
H2		38.465	0.597	0.106	0.146	0.379	0.488
H3		85.047	0.131	0.343	0.05	0.387	0.309