		Wuhan	JN.1	KP.3	KP2.3	BA.2	BSA
A4		74.389	0.04	0.011	0.042	0	3.361
A5		53.285	1.376	0	0.074	0.11	1.613
A6		87.696	0.908	0.033	0.268	0.058	0
B4		111.831	37.143	3.488	0.583	0.689	0.257
B5		85.206	1.188	0	0	0.514	0.044
B6		70.285	0.545	0	0.237	0.134	0.436
C4		90.764	0.238	0.197	0.186	0.459	0.338
C5		88.141	0.602	0	0	0.629	1.086
C6		88.604	0.749	0.326	0.17	0.029	0
D4		76.581	0.463	0	0.087	0	0
D5		93.497	0.81	0.254	0.134	0.1	0.011
D6		75.953	0.669	0.136	0.021	0	0.037
E4		94.298	0	0	0.091	0.097	0.695
E5		96.64	0.707	0.058	0.28	0.251	1.86
E6		94.598	0.589	0.088	0.187	0.014	0
F4		78.298	0.48	0.004	0	0	0.225
F5		78.608	0.094	0	0.045	1.222	0.13
F6		62.381	0.186	0	0	0.242	0.059
G4		89.559	0.088	0.14	0.246	0	0.038
G5		95.929	0.087	0	0	0	0.163
G6		59.167	0	0	0	0.023	0.025
H4		98.58	0.972	0	0.097	0.415	0
H5		56.253	0.198	0	0.194	1.419	0
H6		98.673	2.455	0.12	0.128	0.006	0