		Wuhan	JN.1	KP.3	KP2.3	BA.2	BSA
A7		3.863	0.513	0.537	0	0.062	0.058
A8		21.602	0.115	0.051	0.078	0.157	0.028
A9		16.411	1.725	0.185	0.333	0.064	0.028
B7		6.348	0.942	0.51	0	0	0.298
B8		2.622	0.707	0.038	0.055	0.126	0.311
B9		21.813	1.29	0.427	0.388	0.612	1.441
C7		0	0	0	0	0	0
C8		0	0	0	0	0	0
C9		28.514	1.353	2.086	0.67	0.518	1.832
D7		0.673	0.297	0.431	0.098	0	0
D8		12.809	1.863	0.334	0	0.058	0.066
D9		0.899	1.065	0.455	0.508	0.405	0.166
E7		0	0	0	0	0	0
E8		9.06	0.207	0.206	0.202	0.198	0.033
E9		134.739	38.668	0.48	0.468	0.104	0.292
F7		0.091	0.188	0	0.17	0.068	0.003
F8		0.402	0.461	0.804	0.35	0.506	0.082
F9		4.619	0.908	0.85	0.703	0.496	0.29
G7		0	0	0	0	0	0
G8		10.4	3.567	5.712	4.759	5.432	3.145
G9		11.5	0.916	0.776	0.629	0.83	0.398
H7		3.192	1.284	0.388	0.541	0.453	0.458
H8		2.828	0.552	0.257	0.268	0.529	0.605
H9		48.353	0.696	0.455	0.977	0.466	0.235