		Wuhan	JN.1	KP.3	KP2.3	BA.2	BSA
A10		0	0.12	0.222	0.164	0	0.098
A11		0	0	0	0	0	0
A12		0	0	0	0	0	0
B10		9.711	0.786	0.349	2.386	0.158	1.732
B11		29.947	0.804	0.035	0.017	0.589	0.049
B12		16.196	0.147	0	0	0	0
C10		0	0	0	0	0	0
C11		16.484	0	0	1.638	0.256	2.032
C12		29.506	0.079	0.029	0.025	0.164	0.021
D10		22.616	0.443	0.201	0.26	0.014	0.411
D11		2.973	0.353	0.17	0.067	0.388	0.214
D12		16.219	0.132	0.453	0.5	0.389	0.362
E10		7.441	0.29	0.218	0.146	0.14	0.023
E11		0.737	0.579	0.139	0.526	0.598	0.48
E12		16.549	0	0.283	0.294	0.231	0.031
F10		17.811	0.561	0.221	0.455	0.329	0.391
F11		0.032	0.134	0.189	0.175	1.14	0.004
F12		0	0	0	0	0.175	0.045
G10		0	0	0	0	0	0
G11		25.804	0.29	0	0.113	0	0.213
G12		24.107	0.358	0.014	0	0.009	0.095
H10		3.317	0.018	0.044	0	0	0.113
H11		0.33	0	0	0.131	0.252	0.058
H12		20.234	0.056	0	0	0.145	0.297